Cremaster Duke network with 295 segments - flows in nl/min (Jan. 2015) 
1100. 1000. 240. box dimensions in microns
73  67  16   number of tissue points in x,y,z directions
0.	outer bound distance
100.		max. segment length
4		maximum number of segments per node
295	total number of segments
SegName Type StartNode EndNode Diam   Flow[nl/min]    Hd
1	5	1	2	39.8	-13.695	0.4	*		
2	5	2	3	36	-6.8475	0.4	*		
3	5	2	4	20.2	-6.8475	0.4	*		
4	5	4	280	19	-6.8475	0.4	*		
5	5	5	6	12.3	-1.79025	0.4	*		
6	5	278	7	14.8	-0.462	0.4	*		
7	5	7	8	15	-0.462	0.4	*		
8	5	8	9	19.4	-0.462	0.4	*		
9	5	280	10	12	-2.48325	0.4	*		
10	5	10	11	11.4	-2.48325	0.4	*		
11	5	11	12	15.1	-2.48325	0.4	*		
12	5	12	279	9.2	-0.6435	0.4	*		
13	5	12	14	13.5	-1.83975	0.4	*		
14	5	14	15	13.3	-1.83975	0.4	*		
15	5	16	17	10.7	0.50325	0.4	*		
16	5	17	278	11.5	2.112	0.4	*		
17	5	17	18	14.6	-1.60875	0.4	*		
18	5	18	279	12	-0.68475	0.4	*		
19	5	13	19	13.3	2.30175	0.4	*		
20	5	19	20	12	2.30175	0.4	*		
21	5	20	21	12.5	2.30175	0.4	*		
22	5	21	15	7.4	1.83975	0.4	*		
23	5	21	22	9.8	0.462	0.4	*		
24	5	22	23	10.7	0.462	0.4	*		
25	5	9	16	11.8	-0.462	0.4	*		
26	5	16	24	12.4	-0.96525	0.4	*		
27	5	24	25	10.5	-0.96525	0.4	*		
28	5	25	26	12	-0.96525	0.4	*		
29	5	26	27	11.3	-0.462	0.4	*		
30	5	27	23	10.9	-0.462	0.4	*		
31	5	28	29	9.3	-2.013	0.4	*		
32	5	29	30	11.1	-2.013	0.4	*		
33	5	30	31	9.2	-0.96525	0.4	*		
34	5	30	32	9.8	-1.04775	0.4	*		
35	5	32	33	10	-1.04775	0.4	*		
36	5	33	34	9.6	-1.04775	0.4	*		
37	5	35	36	8.8	-0.37125	0.4	*		
38	5	36	37	8.1	-0.37125	0.4	*		
39	5	37	31	8.9	-0.37125	0.4	*		
40	5	31	38	8.9	-1.3365	0.4	*		
41	5	38	39	9.3	-1.3365	0.4	*		
42	5	39	34	9.8	-3.19275	0.4	*		
43	5	39	40	11.1	1.85625	0.4	*		
44	5	40	41	12.3	1.85625	0.4	*		
45	5	41	42	12.1	1.49325	0.4	*		
46	5	42	43	12.2	1.14675	0.4	*		
47	5	43	44	15	1.14675	0.4	*		
48	5	44	45	15.9	1.14675	0.4	*		
49	5	45	46	17.8	1.14675	0.4	*		
50	5	46	47	14.5	2.25225	0.4	*		
51	5	41	48	7.5	0.363	0.4	*		
52	5	48	49	7.1	0.1815	0.4	*		
53	5	48	50	7.1	0.1815	0.4	*		
54	5	50	51	6.9	0.528	0.4	*		
55	5	50	42	6.3	-0.3465	0.4	*		
56	5	52	53	9.1	2.79675	0.4	*		
57	5	53	54	7.6	2.79675	0.4	*		
58	5	54	55	9.6	1.815	0.4	*		
59	5	55	56	8.5	1.815	0.4	*		
60	5	56	57	8.2	1.815	0.4	*		
61	5	57	58	9.2	1.815	0.4	*		
62	5	54	59	12.8	0.98175	0.4	*		
63	5	59	60	9.1	0.98175	0.4	*		
64	5	60	61	12.6	0.98175	0.4	*		
65	5	61	62	8.8	0.98175	0.4	*		
66	5	62	63	8.2	0.98175	0.4	*		
67	5	63	64	7.2	0.98175	0.4	*		
68	5	65	18	7.5	0.924	0.4	*		
69	5	66	67	7	-0.4125	0.4	*		
70	5	65	66	11.1	-0.4125	0.4	*		
71	5	112	65	8.4	0.5115	0.4	*		
72	5	69	46	9.2	1.1055	0.4	*		
73	5	70	69	7.8	1.1055	0.4	*		
74	5	68	70	7.3	1.1055	0.4	*		
75	5	67	68	9	-1.0065	0.4	*		
76	5	71	67	8	-0.594	0.4	*		
77	5	72	71	8	-0.594	0.4	*		
78	5	73	72	8.7	-0.594	0.4	*		
79	5	73	74	8.1	0.594	0.4	*		
80	5	74	75	10.9	-1.17975	0.4	*		
81	5	75	76	11.1	-1.17975	0.4	*		
82	5	76	77	11.5	-1.17975	0.4	*		
83	5	74	78	11.2	1.77375	0.4	*		
84	5	78	79	12.5	1.77375	0.4	*		
85	5	79	80	14.7	1.77375	0.4	*		
86	5	80	81	12.3	-2.10375	0.4	*		
87	5	81	82	12	-2.10375	0.4	*		
88	5	82	83	11.6	-2.10375	0.4	*		
89	5	34	84	12.8	-4.2405	0.4	*		
90	5	84	85	10.3	-4.2405	0.4	*		
91	5	85	86	11	-8.25	0.4	*		
92	5	85	87	10	4.0095	0.4	*		
93	5	88	89	7.8	-2.15325	0.4	*		
94	5	89	90	7.9	-0.297	0.4	*		
95	5	90	91	8.3	-0.297	0.4	*		
96	5	91	92	9.9	-0.297	0.4	*		
97	5	92	87	8.8	-0.297	0.4	*		
98	5	87	93	7.6	3.7125	0.4	*		
99	5	93	89	7.9	1.85625	0.4	*		
100	5	93	94	7	1.85625	0.4	*		
101	5	95	96	10.9	-3.6465	0.4	*		
102	5	96	97	9.6	-3.6465	0.4	*		
103	5	97	98	7	-0.924	0.4	*		
104	5	98	99	7.7	-0.924	0.4	*		
105	5	99	100	8	-0.924	0.4	*		
106	5	97	101	8.8	-2.7225	0.4	*		
107	5	101	102	11.5	-2.475	0.4	*		
108	5	101	103	7.6	-0.2475	0.4	*		
109	5	103	104	7.6	-0.2475	0.4	*		
110	5	104	105	7.8	-0.2475	0.4	*		
111	5	105	106	7.9	-0.2475	0.4	*		
112	5	107	108	11.1	16.566	0.4	*		
113	5	108	102	11.6	16.566	0.4	*		
114	5	102	109	14.2	14.091	0.4	*		
115	5	109	86	11.1	12.2265	0.4	*		
116	5	111	110	11.3	2.871	0.4	*		
117	5	86	111	8.8	3.9765	0.4	*		
118	5	13	279	12	1.32825	0.4	*		
119	5	111	106	8.9	1.1055	0.4	*		
120	5	106	113	8.2	0.858	0.4	*		
121	5	109	114	8.6	1.8645	0.4	*		
122	5	114	115	9.8	1.8645	0.4	*		
123	5	115	100	8.4	1.8645	0.4	*		
124	5	100	116	9.3	0.9405	0.4	*		
125	5	116	117	9.2	0.9405	0.4	*		
126	5	117	88	8.9	0.9405	0.4	*		
127	5	118	119	9.1	2.61525	0.4	*		
128	5	119	120	9.7	2.61525	0.4	*		
129	5	120	121	9.2	2.61525	0.4	*		
130	5	121	122	9	2.61525	0.4	*		
131	5	122	123	9.1	0.47025	0.4	*		
132	5	123	124	9.1	0.47025	0.4	*		
133	5	124	125	8.5	0.297	0.4	*		
134	5	122	126	12.6	2.145	0.4	*		
135	5	126	127	13.4	1.0395	0.4	*		
136	5	127	128	14.8	0.53625	0.4	*		
137	5	128	129	11.9	0.53625	0.4	*		
138	5	127	130	10.4	0.50325	0.4	*		
139	5	130	131	9.4	0.50325	0.4	*		
140	5	131	26	10.6	0.50325	0.4	*		
141	5	126	132	7.9	1.1055	0.4	*		
142	5	132	133	6.5	0.17325	0.4	*		
143	5	133	134	6.4	0.17325	0.4	*		
144	5	132	135	6.5	0.93225	0.4	*		
145	5	135	136	6.1	0.93225	0.4	*		
146	5	136	137	6	0.93225	0.4	*		
147	5	138	139	17.2	1.37775	0.4	*		
148	5	139	140	16.5	1.72425	0.4	*		
149	5	140	141	16.7	2.244	0.4	*		
150	5	141	142	15.8	1.452	0.4	*		
151	5	142	143	10	1.452	0.4	*		
152	5	141	144	19	0.792	0.4	*		
153	5	144	145	19.3	0.792	0.4	*		
154	5	140	146	8.3	-0.51975	0.4	*		
155	5	146	147	7.4	-0.51975	0.4	*		
156	5	147	148	7.7	-0.51975	0.4	*		
157	5	149	150	7.9	-0.066	0.4	*		
158	5	150	151	7.5	1.75725	0.4	*		
159	5	151	152	9.2	0.93225	0.4	*		
160	5	152	153	7.5	0.93225	0.4	*		
161	5	153	154	8	0.93225	0.4	*		
162	5	154	155	9.4	0.93225	0.4	*		
163	5	151	156	7.1	0.825	0.4	*		
164	5	156	157	7.9	0.825	0.4	*		
165	5	158	159	78.6	16.5	0.4	*		
166	5	159	160	76.4	16.5	0.4	*		
167	5	160	145	80.7	16.5	0.4	*		
168	5	145	161	82.2	17.292	0.4	*		
169	5	161	162	79.2	17.292	0.4	*		
170	5	163	164	20.4	-5.89875	0.4	*		
171	5	164	165	23.7	-5.89875	0.4	*		
172	5	165	80	25.2	-3.8775	0.4	*		
173	5	165	166	16.1	-2.02125	0.4	*		
174	5	166	167	12.2	-2.02125	0.4	*		
175	5	167	168	13.7	-2.02125	0.4	*		
176	5	168	169	9.8	-2.02125	0.4	*		
177	5	169	170	7.9	-2.02125	0.4	*		
178	5	170	171	8	-2.02125	0.4	*		
179	5	171	172	8.6	-1.2705	0.4	*		
180	5	172	173	7.2	-1.2705	0.4	*		
181	5	173	174	6.4	-1.2705	0.4	*		
182	5	174	175	6.4	-1.2705	0.4	*		
183	5	175	176	6.7	-1.2705	0.4	*		
184	5	171	177	7.6	-0.75075	0.4	*		
185	5	177	178	7.9	-0.75075	0.4	*		
186	5	178	179	8	-0.75075	0.4	*		
187	5	179	180	7.9	-0.75075	0.4	*		
188	5	176	181	13.2	6.26175	0.4	*		
189	5	181	182	14.4	6.26175	0.4	*		
190	5	182	52	11.7	6.26175	0.4	*		
191	5	52	183	14.9	3.465	0.4	*		
192	5	183	184	11.3	1.815	0.4	*		
193	5	184	185	14	-1.65	0.4	*		
194	5	185	183	7.3	-1.65	0.4	*		
195	5	184	186	7.4	3.465	0.4	*		
196	5	187	186	13.9	-1.815	0.4	*		
197	5	188	187	9.5	-1.815	0.4	*		
198	5	189	188	8.4	-1.815	0.4	*		
199	5	58	189	9.6	-1.815	0.4	*		
200	5	13	58	12.3	-3.63	0.4	*		
201	5	186	190	8.8	1.65	0.4	*		
202	5	190	191	9.2	1.65	0.4	*		
203	5	192	193	9.3	0.858	0.4	*		
204	5	194	192	9.5	0.858	0.4	*		
205	5	195	196	9.6	0.71775	0.4	*		
206	5	194	195	10	0.71775	0.4	*		
207	5	197	194	11	1.57575	0.4	*		
208	5	198	197	10.7	1.57575	0.4	*		
209	5	199	198	11.5	1.57575	0.4	*		
210	5	200	199	9.1	1.57575	0.4	*		
211	5	200	201	11	-1.57575	0.4	*		
212	5	201	202	10.2	-1.57575	0.4	*		
213	5	202	203	10.6	-1.57575	0.4	*		
214	5	203	204	10.3	-1.57575	0.4	*		
215	5	204	205	7.6	0.7425	0.4	*		
216	5	205	206	7.5	0.7425	0.4	*		
217	5	206	207	7.3	-0.66	0.4	*		
218	5	206	208	8.3	1.4025	0.4	*		
219	5	208	209	7.3	1.4025	0.4	*		
220	5	209	210	6.9	1.4025	0.4	*		
221	5	210	211	8.7	1.4025	0.4	*		
222	5	212	204	12.9	2.31825	0.4	*		
223	5	213	214	11.7	-3.102	0.4	*		
224	5	214	215	11.9	-1.3365	0.4	*		
225	5	215	216	10.7	-1.3365	0.4	*		
226	5	216	217	8	-1.3365	0.4	*		
227	5	217	218	7.9	-1.3365	0.4	*		
228	5	218	219	6.8	-1.0065	0.4	*		
229	5	219	220	9	-1.0065	0.4	*		
230	5	220	221	10.2	-1.0065	0.4	*		
231	5	214	222	8.7	-1.7655	0.4	*		
232	5	222	211	8.4	-1.7655	0.4	*		
233	5	211	223	8.2	-0.363	0.4	*		
234	5	223	224	7.7	-0.363	0.4	*		
235	5	224	225	7.5	-0.363	0.4	*		
236	5	225	221	7.2	-0.363	0.4	*		
237	5	221	226	9.5	-1.3695	0.4	*		
238	5	226	227	7.7	-1.3695	0.4	*		
239	5	227	228	8.5	-2.6895	0.4	*		
240	5	228	229	10.3	-4.51275	0.4	*		
241	5	229	230	6.8	-7.59825	0.4	*		
242	5	229	231	6.6	3.0855	0.4	*		
243	5	231	232	7.5	-2.9205	0.4	*		
244	5	231	233	10.7	6.006	0.4	*		
245	5	228	234	6.7	1.82325	0.4	*		
246	5	234	150	6.5	1.82325	0.4	*		
247	5	233	235	8.8	6.006	0.4	*		
248	5	235	236	10.9	6.006	0.4	*		
249	5	236	237	10.8	6.006	0.4	*		
250	5	237	238	11.6	6.006	0.4	*		
251	5	238	239	10	2.871	0.4	*		
252	5	239	240	10.4	1.584	0.4	*		
253	5	240	241	9.8	1.584	0.4	*		
254	5	241	242	8.3	1.0065	0.4	*		
255	5	242	243	8.1	1.0065	0.4	*		
256	5	243	244	7.4	1.0065	0.4	*		
257	5	241	245	7.7	0.5775	0.4	*		
258	5	239	246	7.8	1.287	0.4	*		
259	5	246	247	8.1	1.287	0.4	*		
260	5	247	248	6.6	1.287	0.4	*		
261	5	238	249	10.7	3.135	0.4	*		
262	5	249	250	7.8	3.135	0.4	*		
263	5	250	251	8.5	3.135	0.4	*		
264	5	251	252	7.6	3.135	0.4	*		
265	5	253	254	7	1.72425	0.4	*		
266	5	254	255	5.9	1.72425	0.4	*		
267	5	255	256	5.8	1.72425	0.4	*		
268	5	256	257	5.4	1.72425	0.4	*		
269	5	257	258	8	1.72425	0.4	*		
270	5	258	259	7.6	0.825	0.4	*		
271	5	259	260	8.2	0.825	0.4	*		
272	5	260	261	9.3	0.825	0.4	*		
273	5	258	262	9.1	0.89925	0.4	*		
274	5	263	264	8.4	-0.33	0.4	*		
275	5	264	218	7.8	0.33	0.4	*		
276	5	264	265	8.2	-0.66	0.4	*		
277	5	265	266	7	-0.66	0.4	*		
278	5	266	267	7.6	-0.66	0.4	*		
279	5	267	268	7.4	-0.66	0.4	*		
280	5	268	227	6.4	-1.32	0.4	*		
281	5	268	269	6.7	0.66	0.4	*		
282	5	269	270	6.8	0.66	0.4	*		
283	5	270	271	6.8	0.66	0.4	*		
284	5	271	272	7.1	0.66	0.4	*		
285	5	272	207	7.8	0.66	0.4	*		
286	5	124	273	6.2	0.17325	0.4	*		
287	5	273	274	6.1	0.17325	0.4	*		
288	5	274	139	6.8	0.3465	0.4	*		
289	5	274	134	6	-0.17325	0.4	*		
290	5	275	112	9	2.6235	0.4	*		
291	5	112	68	8.4	2.112	0.4	*		
292	5	88	276	9	3.09375	0.4	*		
293	5	277	176	6.7	7.53225	0.4	*		
294	5	278	5	12	2.574	0.4	*		
295	5	5	280	19	4.36425	0.4	*
280  number of nodes
Name    x       y       z
1	1006.3	822.3	142	*
2	996.8	784.2	140	*
3	1025.3	694.9	138	*
4	953.9	783	138	*
5	914.6	806.8	140	*
6	925.3	859.2	140	*
7	881.3	840.1	142	*
8	874.1	906.8	144	*
9	834.9	927.1	142	*
10	897.9	772.3	140	*
11	919.4	741.3	136	*
12	920.6	702.1	134	*
13	869.4	705	132	*
14	920.6	635.4	130	*
15	906.3	565.1	126	*
16	819.4	858	132	*
17	867	827.1	132	*
18	863.4	796.1	130	*
19	864.6	669.9	128	*
20	849.1	653.2	124	*
21	861.1	597.3	122	*
22	855.1	554.4	122	*
23	828.9	522.3	120	*
24	805.1	786.6	126	*
25	801.5	709.2	126	*
26	795.6	660.4	122	*
27	831.3	613.9	120	*
28	745.6	874.7	138	*
29	731.3	797.3	136	*
30	725.3	727.1	134	*
31	686.1	718.7	132	*
32	718.2	667.5	132	*
33	690.8	594.9	130	*
34	642	571.1	128	*
35	687.2	875.9	134	*
36	689.6	802.1	132	*
37	684.9	765.1	132	*
38	686.1	666.3	128	*
39	646.8	590.1	128	*
40	611.1	610.4	130	*
41	628.9	766.3	138	*
42	606.3	780.6	138	*
43	587.2	778.2	138	*
44	545.6	834.2	136	*
45	561.1	848.5	140	*
46	556.3	878.2	142	*
47	543.2	900.9	142	*
48	631.3	846.1	136	*
49	642	886.6	136	*
50	607.5	850.9	136	*
51	613.4	893.7	136	*
52	305.7	691.6	110	*
53	475	655.9	104	*
54	583.7	646.1	96	*
55	638.4	642.5	98	*
56	687.2	664	98	*
57	764.6	677.1	94	*
58	789.6	699.7	110	*
59	574.1	630.6	94	*
60	607.5	615.1	96	*
61	607.5	550.9	106	*
62	659.9	537.8	112	*
63	727.7	506.8	108	*
64	784.9	478.2	108	*
65	793.2	803.2	104	*
66	789.6	786.6	102	*
67	709.9	806.8	118	*
68	709.5	830.1	120	*
69	546.8	867.5	118	*
70	637.2	852.1	120	*
71	630.1	827.1	122	*
72	531.3	848.5	122	*
73	492	830.6	120	*
74	403.6	838	108	*
75	376.2	844	106	*
76	282.1	847.5	108	*
77	169.1	847.5	122	*
78	416.7	816.6	110	*
79	394.1	801.1	112	*
80	322.6	805.9	114.5	*
81	273.8	810.6	114.5	*
82	125	796.3	116	*
83	54.8	799.9	116	*
84	603.1	451.2	132	*
85	504.3	448.8	128	*
86	506.4	435.3	124	*
87	460.3	501.2	128	*
88	748.4	427.4	104	*
89	624.6	466.7	108	*
90	505.5	508.3	112	*
91	416.2	534.5	126	*
92	410.3	516.7	128	*
93	616.2	446.4	110	*
94	710.3	410.7	110	*
95	86.1	719.9	136	*
96	139.7	672.2	136	*
97	213.5	635.3	136	*
98	315.9	604.4	138	*
99	481.4	565.1	124	*
100	493.6	536.9	124	*
101	320.7	537.7	132	*
102	238.5	509.1	136	*
103	338.5	513.9	138	*
104	355.2	467.5	136	*
105	435	436.5	134	*
106	545.7	392.5	124	*
107	82.6	553.2	142	*
108	192.1	518.7	132	*
109	342.1	486.5	128	*
110	635	400.8	110	*
111	525.4	422.2	112	*
112	725	828	120	*
113	631.4	358	122	*
114	405.5	497.6	118	*
115	432.9	542.9	114	*
116	591.2	509.5	110	*
117	663.9	481	104	*
118	95.7	542.5	150	*
119	144.5	513.9	152	*
120	240.9	460.3	148	*
121	348.1	411.5	142	*
122	399.6	388.1	132	*
123	402.8	361.5	130	*
124	276.2	390.1	126	*
125	181.4	416.3	124	*
126	509.1	346.4	120	*
127	632.9	297.6	130	*
128	666.2	278.6	138	*
129	756.7	245.2	120	*
130	719.8	391.7	134	*
131	763.9	536.9	132	*
132	531.7	286.9	120	*
133	410.3	311.9	116	*
134	304.3	348.8	116	*
135	615.1	247.6	122	*
136	687.7	217.9	122	*
137	746	191.7	116	*
138	169.5	362.7	152	*
139	274.2	330.6	144	*
140	416.2	279.8	126	*
141	501.9	244.1	104	*
142	635.3	192.9	132	*
143	748.4	166.7	112	*
144	565.1	271.4	90	*
145	668.6	276.2	84	*
146	430.5	246.4	120	*
147	398.4	259.5	128	*
148	348.4	203.6	134	*
149	247.2	265.5	126	*
150	294.8	253.6	126	*
151	398.4	216.7	118	*
152	434.1	219.1	118	*
153	505.5	186.9	120	*
154	565.1	176.2	116	*
155	587.7	156	118	*
156	509.1	160.7	102	*
157	582.9	139.3	108	*
158	612.7	100	72	*
159	627	145.2	72	*
160	639	203.6	80	*
161	778.1	381	84	*
162	849.6	447.6	86	*
163	108.3	827.3	136	*
164	172.6	802.3	134	*
165	285.7	753.5	132	*
166	320.2	739.2	134	*
167	373.8	691.6	132	*
168	384.5	665.4	130	*
169	460.7	628.7	132	*
170	578.6	554.7	114	*
171	536.9	565.4	110	*
172	464.3	593.9	108	*
173	320.2	628.5	112	*
174	219.1	634.4	110	*
175	117.9	640.4	110	*
176	82.1	663	108	*
177	467.1	575.8	108	*
178	277.8	583	106	*
179	161.1	597.2	106	*
180	76.6	605.6	106	*
181	161.9	673.7	108	*
182	235.7	683.2	108	*
183	371.4	694	110	*
184	494.1	717.8	108	*
185	427.4	744	112	*
186	538.4	733	104	*
187	545.6	754.4	104	*
188	642	735.4	110	*
189	731.3	719.9	106	*
190	609	719.9	104	*
191	684.9	705.6	96	*
192	327.4	840.4	148	*
193	334.5	911.8	148	*
194	346.4	791.6	148	*
195	352.4	867.8	148	*
196	363.1	909.4	148	*
197	354.8	708.2	152	*
198	358.3	653.5	152	*
199	347.6	605.9	154	*
200	347.6	538	154	*
201	344.5	492.5	162	*
202	343.3	412.7	164	*
203	342.3	309.2	162	*
204	326.6	242.5	156	*
205	317.1	299.6	162	*
206	314.7	390.1	166	*
207	288.2	393.7	166	*
208	319.5	490.1	162	*
209	329	621.1	156	*
210	318.3	694.9	156	*
211	296.4	717.8	158	*
212	293.6	189.3	146	*
213	301.2	928.5	164	*
214	285.7	866.6	162	*
215	257.1	853.5	162	*
216	234.5	822.5	162	*
217	226.2	749.9	160	*
218	240.9	637.7	164	*
219	242.9	594	158	*
220	255.2	552	164	*
221	273.1	494.9	164	*
222	289.3	772.5	160	*
223	277.4	702.3	156	*
224	283.3	608.2	154	*
225	288.5	567.5	154	*
226	267.1	397.2	166	*
227	255.2	331.8	166	*
228	233.8	293.7	166	*
229	161.1	291.3	164	*
230	200.4	250.8	164	*
231	107.6	306.8	162	*
232	170.7	243.7	162	*
233	62.3	327	166	*
234	283.8	275.8	168	*
235	144.5	354.4	162	*
236	163.5	402	170	*
237	158.8	515.1	170	*
238	151.2	628.5	166	*
239	157.1	703.5	166	*
240	182.1	751.1	164	*
241	195.2	838	166	*
242	225	861.8	164	*
243	232.1	885.6	164	*
244	256	930.9	166	*
245	200	919	166	*
246	151.2	795.1	164	*
247	163.1	853.5	168	*
248	176.2	919	168	*
249	127.4	728.5	162	*
250	107.1	759.4	164	*
251	101.2	830.9	166	*
252	121.4	910.6	168	*
253	126.6	230.6	170	*
254	119.5	280.6	174	*
255	121.9	324.6	178	*
256	104	353.2	176	*
257	102.8	406.8	174	*
258	90.9	446.1	172	*
259	61.1	471.1	168	*
260	63.5	509.1	166	*
261	62.3	571.1	162	*
262	107.6	460.3	170	*
263	211.1	674.6	154	*
264	213.5	629.4	162	*
265	215.9	572.2	160	*
266	237.3	517.5	164	*
267	236.1	406.8	166	*
268	232.6	337.7	164	*
269	236.1	290.1	154	*
270	259.7	229.4	150	*
271	271.9	293.7	150	*
272	282.6	328.2	158	*
273	256.4	377	130	*
274	275.4	361.5	132	*
275	725	855	120	*
276	760	420	104	*
277	50	670	108	*
278	894	823	140	*
279	868	730	132	*
280	932	798	140	*
 48       Total number of boundary nodes
Node	Bctype Press/Flow HD PO2
1	2	-13.695	0.4	1.     1.     *				
3	2	6.8475	0.4	1.     1.     *				
6	2	1.79025	0.4	1.     1.     *				
28	2	-2.013	0.4	1.     1.     *				
35	2	-0.37125	0.4	1.     1.     *				
47	2	-2.25225	0.4	1.     1.     *				
49	2	-0.1815	0.4	1.     1.     *				
51	2	-0.528	0.4	1.     1.     *				
64	2	-0.98175	0.4	1.     1.     *				
77	2	1.17975	0.4	1.     1.     *				
83	2	2.10375	0.4	1.     1.     *				
94	2	-1.85625	0.4	1.     1.     *				
95	2	-3.6465	0.4	1.     1.     *				
107	2	16.566	0.4	1.     1.     *				
110	2	-2.871	0.4	1.     1.     *				
113	2	-0.858	0.4	1.     1.     *				
118	2	2.61525	0.4	1.     1.     *				
125	2	-0.297	0.4	1.     1.     *				
129	2	-0.53625	0.4	1.     1.     *				
137	2	-0.93225	0.4	1.     1.     *				
138	2	1.37775	0.4	1.     1.     *				
143	2	-1.452	0.4	1.     1.     *				
148	2	0.51975	0.4	1.     1.     *				
149	2	-0.066	0.4	1.     1.     *				
155	2	-0.93225	0.4	1.     1.     *				
157	2	-0.825	0.4	1.     1.     *				
158	2	16.5		0.4	1.     1.     *				
162	2	-17.292	0.4	1.     1.     *				
163	2	-5.89875	0.4	1.     1.     *				
180	2	0.75075	0.4	1.     1.     *				
191	2	-1.65		0.4	1.     1.     *
193	2	-0.858	0.4	1.	1.   added Aug 2014 *				
196	2	-0.71775	0.4	1.     1.     *				
212	2	2.31825	0.4	1.     1.     *				
213	2	-3.102	0.4	1.     1.     *				
230	2	7.59825	0.4	1.     1.     *				
232	2	2.9205	0.4	1.     1.     *				
244	2	-1.0065	0.4	1.     1.     *				
245	2	-0.5775	0.4	1.     1.     *				
248	2	-1.287	0.4	1.     1.     *				
252	2	-3.135	0.4	1.     1.     *				
253	2	1.72425	0.4	1.     1.     *				
261	2	-0.825	0.4	1.     1.     *				
262	2	-0.89925	0.4	1.     1.     *				
263	2	-0.33		0.4	1.     1.     *				
275	2	2.6235	0.4	1.     1.     *				
276	2	-3.09375	0.4	1.     1.     *				
277	2	7.53225	0.4	1.     1.     *