Cremaster: equivalent cylinder model
  634.913  64.165 64.165	box dimensions in microns
  100    10   10	number of tissue points in x,y,z directions
  25.			outer bound distance - adjust to give correct number of tissue points
  40.			max. segment length.  (5. in test case)
  4				nodsegm, max. allowed number of segments per node
  23			total number of segments
 name  type   from   to   diam. flow  hem.
    1    5     1   2  11.534    2.3338    0.40
    2    5     2   3  11.534    2.3338    0.40
    3    5     3   4  11.534    2.3338    0.40
    4    5     4   5  11.534    2.3338    0.40
    5    5     5   6  11.534    2.3338    0.40
    6    5     6   7  11.534    2.3338    0.40
    7    5     7   8  11.534    2.3338    0.40
    8    5     8   9  11.534    2.3338    0.40
    9    5     9   10  11.534    2.3338    0.40
    10    5     10   11  11.534    2.3338    0.40
    11    5     11   12  11.534    2.3338    0.40
    12    5     12   13  11.534    2.3338    0.40
    13    5     13   14  11.534    2.3338    0.40
    14    5     14   15  11.534    2.3338    0.40
    15    5     15   16  11.534    2.3338    0.40
    16    5     16   17  11.534    2.3338    0.40
    17    5     17   18  11.534    2.3338    0.40
    18    5     18   19  11.534    2.3338    0.40
    19    5     19   20  11.534    2.3338    0.40
    20    5     20   21  11.534    2.3338    0.40
    21    5     21   22  11.534    2.3338    0.40
    22    5     22   23  11.534    2.3338    0.40
    23    5     23   24  11.534    2.3338    0.40
	24              total number of nodes
name  x     y     z
1	0	32.	32.
2	3.2	32.	32.
3	8	32.	32.
4	16	32.	32.
5	32	32.	32.
6	64	32.	32.
7	96	32.	32.
8	128	32.	32.
9	160	32.	32.
10	192	32.	32.
11	224	32.	32.
12	256	32.	32.
13	288	32.	32.
14	320	32.	32.
15	352	32.	32.
16	384	32.	32.
17	416	32.	32.
18	448	32.	32.
19	480	32.	32.
20	512	32.	32.
21	544	32.	32.
22	576	32.	32.
23	608	32.	32.
24	634.9 32.	32.
2	total number of boundary nodes
node bctyp press/flow   HD    solute 1
 1      2     2.3338      0.4    0. 
 24     0     0.0      0.4    0. 

