WashoutRate.txt
delta_t      diff     perm     N_D      N_P       lambda   lambda (ambient)
100.000000 5.000000 10.000000 0.512794 5.914564  -0.00545171  -0.00546129
50.000000 10.000000 10.000000 1.025588 5.914564  -0.00906385  -0.00907427
25.000000 20.000000 10.000000 2.051175 5.914564  -0.01332625  -0.01333576
10.000000 50.000000 10.000000 5.127938 5.914564  -0.01781172  -0.01781181
5.000000 100.000000 10.000000 10.255877 5.914564  -0.01927485  -0.01927477
2.500000 200.000000 10.000000 20.511753 5.914564  -0.01963946  -0.01963939
1.000000 500.000000 10.000000 51.279385 5.914564  -0.01942231  -0.01942261
0.500000 1000.000000 10.000000 102.558769 5.914564  -0.01926216  -0.01926216
100.000000 5.000000 1.000000 0.512794 0.591456  -0.00380533  -0.00380881
50.000000 10.000000 1.000000 1.025588 0.591456  -0.00529903  -0.00530193
25.000000 20.000000 1.000000 2.051175 0.591456  -0.00659802  -0.00660038
10.000000 50.000000 1.000000 5.127938 0.591456  -0.00773776  -0.00773769
5.000000 100.000000 1.000000 10.255877 0.591456  -0.00820943  -0.00820940
2.500000 200.000000 1.000000 20.511753 0.591456  -0.00846748  -0.00846745
1.000000 500.000000 1.000000 51.279385 0.591456  -0.00862441  -0.00862367
0.500000 1000.000000 1.000000 102.558769 0.591456  -0.00868723  -0.00867999
